This file contains the integer representation of sunspot numbers.
The first (n-1)th integers of each row represent the input SSNs for Markov network, and the last integer represents the corresponding output to those inputs (prediction target).
This file contains sunspot number from 1990 to 1992.
Number of data in this file is:
1087
186 176 166 174 164 144 129 134
176 166 174 164 144 129 138 164
166 174 164 144 129 138 125 172
174 164 144 129 138 125 134 179
164 144 129 138 125 134 164 147
144 129 138 125 134 164 172 157
129 138 125 134 164 172 179 152
138 125 134 164 172 179 147 164
125 134 164 172 179 147 157 177
134 164 172 179 147 157 152 199
164 172 179 147 157 152 164 236
172 179 147 157 152 164 177 217
179 147 157 152 164 177 199 208
147 157 152 164 177 199 236 200
157 152 164 177 199 236 217 191
152 164 177 199 236 217 208 206
164 177 199 236 217 208 200 203
177 199 236 217 208 200 191 211
199 236 217 208 200 191 206 193
236 217 208 200 191 206 203 185
217 208 200 191 206 203 211 198
208 200 191 206 203 211 193 201
200 191 206 203 211 193 185 171
191 206 203 211 193 185 198 161
206 203 211 193 185 198 201 124
203 211 193 185 198 201 171 113
211 193 185 198 201 171 161 97
193 185 198 201 171 161 124 80
185 198 201 171 161 124 113 82
198 201 171 161 124 113 97 95
201 171 161 124 113 97 80 103
171 161 124 113 97 80 82 79
161 124 113 97 80 82 95 75
124 113 97 80 82 95 103 80
113 97 80 82 95 103 79 85
97 80 82 95 103 79 75 75
80 82 95 103 79 75 80 78
82 95 103 79 75 80 85 64
95 103 79 75 80 85 75 54
103 79 75 80 85 75 78 77
79 75 80 85 75 78 64 107
75 80 85 75 78 64 54 134
80 85 75 78 64 54 77 159
85 75 78 64 54 77 107 191
75 78 64 54 77 107 134 239
78 64 54 77 107 134 159 249
64 54 77 107 134 159 191 245
54 77 107 134 159 191 239 234
77 107 134 159 191 239 249 217
107 134 159 191 239 249 245 187
134 159 191 239 249 245 234 173
159 191 239 249 245 234 217 171
191 239 249 245 234 217 187 163
239 249 245 234 217 187 173 126
249 245 234 217 187 173 171 98
245 234 217 187 173 171 163 104
234 217 187 173 171 163 126 105
217 187 173 171 163 126 98 88
187 173 171 163 126 98 104 71
173 171 163 126 98 104 105 80
171 163 126 98 104 105 88 73
163 126 98 104 105 88 71 85
126 98 104 105 88 71 80 83
98 104 105 88 71 80 73 90
104 105 88 71 80 73 85 110
105 88 71 80 73 85 83 129
88 71 80 73 85 83 90 123
71 80 73 85 83 90 110 167
80 73 85 83 90 110 129 202
73 85 83 90 110 129 123 217
85 83 90 110 129 123 167 211
83 90 110 129 123 167 202 195
90 110 129 123 167 202 217 206
110 129 123 167 202 217 211 209
129 123 167 202 217 211 195 204
123 167 202 217 211 195 206 188
167 202 217 211 195 206 209 168
202 217 211 195 206 209 204 129
217 211 195 206 209 204 188 132
211 195 206 209 204 188 168 133
195 206 209 204 188 168 129 115
206 209 204 188 168 129 132 103
209 204 188 168 129 132 133 114
204 188 168 129 132 133 115 113
188 168 129 132 133 115 103 127
168 129 132 133 115 103 114 132
129 132 133 115 103 114 113 138
132 133 115 103 114 113 127 128
133 115 103 114 113 127 132 128
115 103 114 113 127 132 138 88
103 114 113 127 132 138 128 82
114 113 127 132 138 128 128 88
113 127 132 138 128 128 88 77
127 132 138 128 128 88 82 123
132 138 128 128 88 82 88 142
138 128 128 88 82 88 77 171
128 128 88 82 88 77 123 170
128 88 82 88 77 123 142 199
88 82 88 77 123 142 171 203
82 88 77 123 142 171 170 213
88 77 123 142 171 170 199 206
77 123 142 171 170 199 203 212
123 142 171 170 199 203 213 207
142 171 170 199 203 213 206 174
171 170 199 203 213 206 212 157
170 199 203 213 206 212 207 160
199 203 213 206 212 207 174 118
203 213 206 212 207 174 157 124
213 206 212 207 174 157 160 103
206 212 207 174 157 160 118 94
212 207 174 157 160 118 124 114
207 174 157 160 118 124 103 70
174 157 160 118 124 103 94 59
157 160 118 124 103 94 114 61
160 118 124 103 94 114 70 86
118 124 103 94 114 70 59 80
124 103 94 114 70 59 61 106
103 94 114 70 59 61 86 132
94 114 70 59 61 86 80 138
114 70 59 61 86 80 106 133
70 59 61 86 80 106 132 116
59 61 86 80 106 132 138 126
61 86 80 106 132 138 133 146
86 80 106 132 138 133 116 144
80 106 132 138 133 116 126 141
106 132 138 133 116 126 146 144
132 138 133 116 126 146 144 157
138 133 116 126 146 144 141 167
133 116 126 146 144 141 144 170
116 126 146 144 141 144 157 187
126 146 144 141 144 157 167 187
146 144 141 144 157 167 170 193
144 141 144 157 167 170 187 187
141 144 157 167 170 187 187 160
144 157 167 170 187 187 193 158
157 167 170 187 187 193 187 146
167 170 187 187 193 187 160 134
170 187 187 193 187 160 158 139
187 187 193 187 160 158 146 121
187 193 187 160 158 146 134 118
193 187 160 158 146 134 139 90
187 160 158 146 134 139 121 101
160 158 146 134 139 121 118 96
158 146 134 139 121 118 90 80
146 134 139 121 118 90 101 73
134 139 121 118 90 101 96 77
139 121 118 90 101 96 80 79
121 118 90 101 96 80 73 101
118 90 101 96 80 73 77 107
90 101 96 80 73 77 79 99
101 96 80 73 77 79 101 87
96 80 73 77 79 101 107 107
80 73 77 79 101 107 99 126
73 77 79 101 107 99 87 115
77 79 101 107 99 87 107 122
79 101 107 99 87 107 126 118
101 107 99 87 107 126 115 102
107 99 87 107 126 115 122 110
99 87 107 126 115 122 118 100
87 107 126 115 122 118 102 83
107 126 115 122 118 102 110 79
126 115 122 118 102 110 100 68
115 122 118 102 110 100 83 57
122 118 102 110 100 83 79 71
118 102 110 100 83 79 68 64
102 110 100 83 79 68 57 88
110 100 83 79 68 57 71 94
100 83 79 68 57 71 64 103
83 79 68 57 71 64 88 140
79 68 57 71 64 88 94 184
68 57 71 64 88 94 103 203
57 71 64 88 94 103 140 230
71 64 88 94 103 140 184 272
64 88 94 103 140 184 203 253
88 94 103 140 184 203 230 264
94 103 140 184 203 230 272 241
103 140 184 203 230 272 253 213
140 184 203 230 272 253 264 186
184 203 230 272 253 264 241 173
203 230 272 253 264 241 213 135
230 272 253 264 241 213 186 102
272 253 264 241 213 186 173 88
253 264 241 213 186 173 135 106
264 241 213 186 173 135 102 110
241 213 186 173 135 102 88 114
213 186 173 135 102 88 106 118
186 173 135 102 88 106 110 98
173 135 102 88 106 110 114 95
135 102 88 106 110 114 118 87
102 88 106 110 114 118 98 57
88 106 110 114 118 98 95 61
106 110 114 118 98 95 87 81
110 114 118 98 95 87 57 123
114 118 98 95 87 57 61 143
118 98 95 87 57 61 81 165
98 95 87 57 61 81 123 201
95 87 57 61 81 123 143 204
87 57 61 81 123 143 165 196
57 61 81 123 143 165 201 177
61 81 123 143 165 201 204 165
81 123 143 165 201 204 196 144
123 143 165 201 204 196 177 117
143 165 201 204 196 177 165 142
165 201 204 196 177 165 144 146
201 204 196 177 165 144 117 175
204 196 177 165 144 117 142 151
196 177 165 144 117 142 146 137
177 165 144 117 142 146 175 128
165 144 117 142 146 175 151 124
144 117 142 146 175 151 137 120
117 142 146 175 151 137 128 136
142 146 175 151 137 128 124 145
146 175 151 137 128 124 120 160
175 151 137 128 124 120 136 161
151 137 128 124 120 136 145 167
137 128 124 120 136 145 160 192
128 124 120 136 145 160 161 215
124 120 136 145 160 161 167 229
120 136 145 160 161 167 192 232
136 145 160 161 167 192 215 269
145 160 161 167 192 215 229 270
160 161 167 192 215 229 232 290
161 167 192 215 229 232 269 295
167 192 215 229 232 269 270 278
192 215 229 232 269 270 290 262
215 229 232 269 270 290 295 281
229 232 269 270 290 295 278 276
232 269 270 290 295 278 262 263
269 270 290 295 278 262 281 220
270 290 295 278 262 281 276 188
290 295 278 262 281 276 263 176
295 278 262 281 276 263 220 186
278 262 281 276 263 220 188 181
262 281 276 263 220 188 176 155
281 276 263 220 188 176 186 120
276 263 220 188 176 186 181 116
263 220 188 176 186 181 155 126
220 188 176 186 181 155 120 134
188 176 186 181 155 120 116 118
176 186 181 155 120 116 126 118
186 181 155 120 116 126 134 112
181 155 120 116 126 134 118 112
155 120 116 126 134 118 118 113
120 116 126 134 118 118 112 121
116 126 134 118 118 112 112 116
126 134 118 118 112 112 113 124
134 118 118 112 112 113 121 142
118 118 112 112 113 121 116 178
118 112 112 113 121 116 124 162
112 112 113 121 116 124 142 156
112 113 121 116 124 142 178 137
113 121 116 124 142 178 162 136
121 116 124 142 178 162 156 151
116 124 142 178 162 156 137 145
124 142 178 162 156 137 136 150
142 178 162 156 137 136 151 141
178 162 156 137 136 151 145 117
162 156 137 136 151 145 150 101
156 137 136 151 145 150 141 94
137 136 151 145 150 141 117 93
136 151 145 150 141 117 101 77
151 145 150 141 117 101 94 113
145 150 141 117 101 94 93 119
150 141 117 101 94 93 77 115
141 117 101 94 93 77 113 110
117 101 94 93 77 113 119 112
101 94 93 77 113 119 115 140
94 93 77 113 119 115 110 134
93 77 113 119 115 110 112 123
77 113 119 115 110 112 140 124
113 119 115 110 112 140 134 135
119 115 110 112 140 134 123 141
115 110 112 140 134 123 124 148
110 112 140 134 123 124 135 153
112 140 134 123 124 135 141 195
140 134 123 124 135 141 148 192
134 123 124 135 141 148 153 214
123 124 135 141 148 153 195 202
124 135 141 148 153 195 192 218
135 141 148 153 195 192 214 192
141 148 153 195 192 214 202 188
148 153 195 192 214 202 218 181
153 195 192 214 202 218 192 181
195 192 214 202 218 192 188 169
192 214 202 218 192 188 181 136
214 202 218 192 188 181 181 140
202 218 192 188 181 181 169 134
218 192 188 181 181 169 136 131
192 188 181 181 169 136 140 125
188 181 181 169 136 140 134 102
181 181 169 136 140 134 131 111
181 169 136 140 134 131 125 119
169 136 140 134 131 125 102 98
136 140 134 131 125 102 111 87
140 134 131 125 102 111 119 77
134 131 125 102 111 119 98 77
131 125 102 111 119 98 87 81
125 102 111 119 98 87 77 108
102 111 119 98 87 77 77 146
111 119 98 87 77 77 81 154
119 98 87 77 77 81 108 197
98 87 77 77 81 108 146 209
87 77 77 81 108 146 154 208
77 77 81 108 146 154 197 188
77 81 108 146 154 197 209 163
81 108 146 154 197 209 208 167
108 146 154 197 209 208 188 151
146 154 197 209 208 188 163 118
154 197 209 208 188 163 167 119
197 209 208 188 163 167 151 113
209 208 188 163 167 151 118 102
208 188 163 167 151 118 119 110
188 163 167 151 118 119 113 97
163 167 151 118 119 113 102 109
167 151 118 119 113 102 110 98
151 118 119 113 102 110 97 102
118 119 113 102 110 97 109 125
119 113 102 110 97 109 98 114
113 102 110 97 109 98 102 118
102 110 97 109 98 102 125 110
110 97 109 98 102 125 114 117
97 109 98 102 125 114 118 109
109 98 102 125 114 118 110 144
98 102 125 114 118 110 117 153
102 125 114 118 110 117 109 0
125 114 118 110 117 109 144 127
114 118 110 117 109 144 153 160
118 110 117 109 144 153 0 180
110 117 109 144 153 0 127 186
117 109 144 153 0 127 160 167
109 144 153 0 127 160 180 169
144 153 0 127 160 180 186 182
153 0 127 160 180 186 167 177
0 127 160 180 186 167 169 176
127 160 180 186 167 169 182 175
160 180 186 167 169 182 177 157
180 186 167 169 182 177 176 138
186 167 169 182 177 176 175 117
167 169 182 177 176 175 157 95
169 182 177 176 175 157 138 88
182 177 176 175 157 138 117 104
177 176 175 157 138 117 95 112
176 175 157 138 117 95 88 121
175 157 138 117 95 88 104 134
157 138 117 95 88 104 112 114
138 117 95 88 104 112 121 117
117 95 88 104 112 121 134 99
95 88 104 112 121 134 114 91
88 104 112 121 134 114 117 95
104 112 121 134 114 117 99 101
112 121 134 114 117 99 91 104
121 134 114 117 99 91 95 104
134 114 117 99 91 95 101 111
114 117 99 91 95 101 104 109
117 99 91 95 101 104 104 103
99 91 95 101 104 104 111 108
91 95 101 104 104 111 109 139
95 101 104 104 111 109 103 89
101 104 104 111 109 103 108 93
104 104 111 109 103 108 139 95
104 111 109 103 108 139 89 104
111 109 103 108 139 89 93 119
109 103 108 139 89 93 95 105
103 108 139 89 93 95 104 99
108 139 89 93 95 104 119 94
139 89 93 95 104 119 105 97
89 93 95 104 119 105 99 116
93 95 104 119 105 99 94 122
95 104 119 105 99 94 97 145
104 119 105 99 94 97 116 119
119 105 99 94 97 116 122 114
105 99 94 97 116 122 145 133
99 94 97 116 122 145 119 154
94 97 116 122 145 119 114 127
97 116 122 145 119 114 133 119
116 122 145 119 114 133 154 91
122 145 119 114 133 154 127 107
145 119 114 133 154 127 119 106
119 114 133 154 127 119 91 127
114 133 154 127 119 91 107 135
133 154 127 119 91 107 106 149
154 127 119 91 107 106 127 179
127 119 91 107 106 127 135 220
119 91 107 106 127 135 149 237
91 107 106 127 135 149 179 248
107 106 127 135 149 179 220 239
106 127 135 149 179 220 237 224
127 135 149 179 220 237 248 205
135 149 179 220 237 248 239 209
149 179 220 237 248 239 224 176
179 220 237 248 239 224 205 144
220 237 248 239 224 205 209 127
237 248 239 224 205 209 176 117
248 239 224 205 209 176 144 119
239 224 205 209 176 144 127 118
224 205 209 176 144 127 117 134
205 209 176 144 127 117 119 136
209 176 144 127 117 119 118 140
176 144 127 117 119 118 134 153
144 127 117 119 118 134 136 166
127 117 119 118 134 136 140 163
117 119 118 134 136 140 153 173
119 118 134 136 140 153 166 159
118 134 136 140 153 166 163 136
134 136 140 153 166 163 173 191
136 140 153 166 163 173 159 206
140 153 166 163 173 159 136 198
153 166 163 173 159 136 191 223
166 163 173 159 136 191 206 214
163 173 159 136 191 206 198 200
173 159 136 191 206 198 223 192
159 136 191 206 198 223 214 194
136 191 206 198 223 214 200 187
191 206 198 223 214 200 192 175
206 198 223 214 200 192 194 134
198 223 214 200 192 194 187 95
223 214 200 192 194 187 175 93
214 200 192 194 187 175 134 71
200 192 194 187 175 134 95 55
192 194 187 175 134 95 93 74
194 187 175 134 95 93 71 88
187 175 134 95 93 71 55 131
175 134 95 93 71 55 74 146
134 95 93 71 55 74 88 156
95 93 71 55 74 88 131 159
93 71 55 74 88 131 146 167
71 55 74 88 131 146 156 163
55 74 88 131 146 156 159 152
74 88 131 146 156 159 167 161
88 131 146 156 159 167 163 182
131 146 156 159 167 163 152 202
146 156 159 167 163 152 161 167
156 159 167 163 152 161 182 168
159 167 163 152 161 182 202 155
167 163 152 161 182 202 167 173
163 152 161 182 202 167 168 167
152 161 182 202 167 168 155 179
161 182 202 167 168 155 173 179
182 202 167 168 155 173 167 154
202 167 168 155 173 167 179 146
167 168 155 173 167 179 179 153
168 155 173 167 179 179 154 137
155 173 167 179 179 154 146 129
173 167 179 179 154 146 153 140
167 179 179 154 146 153 137 141
179 179 154 146 153 137 129 115
179 154 146 153 137 129 140 89
154 146 153 137 129 140 141 92
146 153 137 129 140 141 115 118
153 137 129 140 141 115 89 139
137 129 140 141 115 89 92 160
129 140 141 115 89 92 118 159
140 141 115 89 92 118 139 164
141 115 89 92 118 139 160 146
115 89 92 118 139 160 159 172
89 92 118 139 160 159 164 167
92 118 139 160 159 164 146 195
118 139 160 159 164 146 172 227
139 160 159 164 146 172 167 197
160 159 164 146 172 167 195 211
159 164 146 172 167 195 227 227
164 146 172 167 195 227 197 188
146 172 167 195 227 197 211 172
172 167 195 227 197 211 227 171
167 195 227 197 211 227 188 173
195 227 197 211 227 188 172 161
227 197 211 227 188 172 171 115
197 211 227 188 172 171 173 79
211 227 188 172 171 173 161 72
227 188 172 171 173 161 115 33
188 172 171 173 161 115 79 39
172 171 173 161 115 79 72 73
171 173 161 115 79 72 33 82
173 161 115 79 72 33 39 119
161 115 79 72 33 39 73 132
115 79 72 33 39 73 82 129
79 72 33 39 73 82 119 93
72 33 39 73 82 119 132 86
33 39 73 82 119 132 129 106
39 73 82 119 132 129 93 95
73 82 119 132 129 93 86 89
82 119 132 129 93 86 106 96
119 132 129 93 86 106 95 99
132 129 93 86 106 95 89 125
129 93 86 106 95 89 96 140
93 86 106 95 89 96 99 134
86 106 95 89 96 99 125 145
106 95 89 96 99 125 140 133
95 89 96 99 125 140 134 116
89 96 99 125 140 134 145 134
96 99 125 140 134 145 133 119
99 125 140 134 145 133 116 113
125 140 134 145 133 116 134 113
140 134 145 133 116 134 119 125
134 145 133 116 134 119 113 116
145 133 116 134 119 113 113 121
133 116 134 119 113 113 125 97
116 134 119 113 113 125 116 117
134 119 113 113 125 116 121 120
119 113 113 125 116 121 97 117
113 113 125 116 121 97 117 121
113 125 116 121 97 117 120 139
125 116 121 97 117 120 117 156
116 121 97 117 120 117 121 158
121 97 117 120 117 121 139 150
97 117 120 117 121 139 156 141
117 120 117 121 139 156 158 145
120 117 121 139 156 158 150 177
117 121 139 156 158 150 141 175
121 139 156 158 150 141 145 171
139 156 158 150 141 145 177 179
156 158 150 141 145 177 175 180
158 150 141 145 177 175 171 167
150 141 145 177 175 171 179 171
141 145 177 175 171 179 180 210
145 177 175 171 179 180 167 240
177 175 171 179 180 167 171 241
175 171 179 180 167 171 210 250
171 179 180 167 171 210 240 219
179 180 167 171 210 240 241 175
180 167 171 210 240 241 250 177
167 171 210 240 241 250 219 154
171 210 240 241 250 219 175 165
210 240 241 250 219 175 177 149
240 241 250 219 175 177 154 142
241 250 219 175 177 154 165 143
250 219 175 177 154 165 149 113
219 175 177 154 165 149 142 147
175 177 154 165 149 142 143 135
177 154 165 149 142 143 113 124
154 165 149 142 143 113 147 135
165 149 142 143 113 147 135 137
149 142 143 113 147 135 124 150
142 143 113 147 135 124 135 143
143 113 147 135 124 135 137 162
113 147 135 124 135 137 150 177
147 135 124 135 137 150 143 183
135 124 135 137 150 143 162 188
124 135 137 150 143 162 177 213
135 137 150 143 162 177 183 238
137 150 143 162 177 183 188 250
150 143 162 177 183 188 213 217
143 162 177 183 188 213 238 204
162 177 183 188 213 238 250 209
177 183 188 213 238 250 217 203
183 188 213 238 250 217 204 179
188 213 238 250 217 204 209 181
213 238 250 217 204 209 203 170
238 250 217 204 209 203 179 138
250 217 204 209 203 179 181 139
217 204 209 203 179 181 170 132
204 209 203 179 181 170 138 117
209 203 179 181 170 138 139 102
203 179 181 170 138 139 132 91
179 181 170 138 139 132 117 89
181 170 138 139 132 117 102 114
170 138 139 132 117 102 91 132
138 139 132 117 102 91 89 171
139 132 117 102 91 89 114 184
132 117 102 91 89 114 132 212
117 102 91 89 114 132 171 205
102 91 89 114 132 171 184 189
91 89 114 132 171 184 212 199
89 114 132 171 184 212 205 183
114 132 171 184 212 205 189 183
132 171 184 212 205 189 199 182
171 184 212 205 189 199 183 197
184 212 205 189 199 183 183 173
212 205 189 199 183 183 182 132
205 189 199 183 183 182 197 138
189 199 183 183 182 197 173 143
199 183 183 182 197 173 132 136
183 183 182 197 173 132 138 148
183 182 197 173 132 138 143 119
182 197 173 132 138 143 136 120
197 173 132 138 143 136 148 106
173 132 138 143 136 148 119 89
132 138 143 136 148 119 120 75
138 143 136 148 119 120 106 86
143 136 148 119 120 106 89 98
136 148 119 120 106 89 75 126
148 119 120 106 89 75 86 122
119 120 106 89 75 86 98 164
120 106 89 75 86 98 126 212
106 89 75 86 98 126 122 257
89 75 86 98 126 122 164 279
75 86 98 126 122 164 212 280
86 98 126 122 164 212 257 291
98 126 122 164 212 257 279 300
126 122 164 212 257 279 280 294
122 164 212 257 279 280 291 275
164 212 257 279 280 291 300 259
212 257 279 280 291 300 294 215
257 279 280 291 300 294 275 177
279 280 291 300 294 275 259 147
280 291 300 294 275 259 215 157
291 300 294 275 259 215 177 171
300 294 275 259 215 177 147 166
294 275 259 215 177 147 157 184
275 259 215 177 147 157 171 170
259 215 177 147 157 171 166 161
215 177 147 157 171 166 184 147
177 147 157 171 166 184 170 147
147 157 171 166 184 170 161 132
157 171 166 184 170 161 147 137
171 166 184 170 161 147 147 111
166 184 170 161 147 147 132 135
184 170 161 147 147 132 137 122
170 161 147 147 132 137 111 127
161 147 147 132 137 111 135 123
147 147 132 137 111 135 122 130
147 132 137 111 135 122 127 143
132 137 111 135 122 127 123 147
137 111 135 122 127 123 130 123
111 135 122 127 123 130 143 101
135 122 127 123 130 143 147 103
122 127 123 130 143 147 123 101
127 123 130 143 147 123 101 84
123 130 143 147 123 101 103 80
130 143 147 123 101 103 101 115
143 147 123 101 103 101 84 124
147 123 101 103 101 84 80 129
123 101 103 101 84 80 115 112
101 103 101 84 80 115 124 111
103 101 84 80 115 124 129 117
101 84 80 115 124 129 112 120
84 80 115 124 129 112 111 124
80 115 124 129 112 111 117 144
115 124 129 112 111 117 120 138
124 129 112 111 117 120 124 155
129 112 111 117 120 124 144 147
112 111 117 120 124 144 138 159
111 117 120 124 144 138 155 158
117 120 124 144 138 155 147 165
120 124 144 138 155 147 159 129
124 144 138 155 147 159 158 115
144 138 155 147 159 158 165 116
138 155 147 159 158 165 129 137
155 147 159 158 165 129 115 149
147 159 158 165 129 115 116 141
159 158 165 129 115 116 137 129
158 165 129 115 116 137 149 125
165 129 115 116 137 149 141 138
129 115 116 137 149 141 129 145
115 116 137 149 141 129 125 126
116 137 149 141 129 125 138 111
137 149 141 129 125 138 145 111
149 141 129 125 138 145 126 88
141 129 125 138 145 126 111 83
129 125 138 145 126 111 111 77
125 138 145 126 111 111 88 81
138 145 126 111 111 88 83 107
145 126 111 111 88 83 77 138
126 111 111 88 83 77 81 161
111 111 88 83 77 81 107 171
111 88 83 77 81 107 138 217
88 83 77 81 107 138 161 221
83 77 81 107 138 161 171 248
77 81 107 138 161 171 217 223
81 107 138 161 171 217 221 197
107 138 161 171 217 221 248 198
138 161 171 217 221 248 223 173
161 171 217 221 248 223 197 139
171 217 221 248 223 197 198 109
217 221 248 223 197 198 173 113
221 248 223 197 198 173 139 125
248 223 197 198 173 139 109 134
223 197 198 173 139 109 113 141
197 198 173 139 109 113 125 132
198 173 139 109 113 125 134 121
173 139 109 113 125 134 141 129
139 109 113 125 134 141 132 114
109 113 125 134 141 132 121 104
113 125 134 141 132 121 129 94
125 134 141 132 121 129 114 88
134 141 132 121 129 114 104 73
141 132 121 129 114 104 94 75
132 121 129 114 104 94 88 75
121 129 114 104 94 88 73 96
129 114 104 94 88 73 75 94
114 104 94 88 73 75 75 87
104 94 88 73 75 75 96 78
94 88 73 75 75 96 94 83
88 73 75 75 96 94 87 95
73 75 75 96 94 87 78 98
75 75 96 94 87 78 83 83
75 96 94 87 78 83 95 104
96 94 87 78 83 95 98 104
94 87 78 83 95 98 83 80
87 78 83 95 98 83 104 0
78 83 95 98 83 104 104 102
83 95 98 83 104 104 80 96
95 98 83 104 104 80 0 124
98 83 104 104 80 0 102 116
83 104 104 80 0 102 96 131
104 104 80 0 102 96 124 133
104 80 0 102 96 124 116 154
80 0 102 96 124 116 131 174
0 102 96 124 116 131 133 209
102 96 124 116 131 133 154 212
96 124 116 131 133 154 174 211
124 116 131 133 154 174 209 187
116 131 133 154 174 209 212 177
131 133 154 174 209 212 211 175
133 154 174 209 212 211 187 155
154 174 209 212 211 187 177 135
174 209 212 211 187 177 175 124
209 212 211 187 177 175 155 133
212 211 187 177 175 155 135 134
211 187 177 175 155 135 124 117
187 177 175 155 135 124 133 109
177 175 155 135 124 133 134 108
175 155 135 124 133 134 117 110
155 135 124 133 134 117 109 130
135 124 133 134 117 109 108 143
124 133 134 117 109 108 110 150
133 134 117 109 108 110 130 132
134 117 109 108 110 130 143 138
117 109 108 110 130 143 150 156
109 108 110 130 143 150 132 151
108 110 130 143 150 132 138 151
110 130 143 150 132 138 156 141
130 143 150 132 138 156 151 144
143 150 132 138 156 151 151 177
150 132 138 156 151 151 141 184
132 138 156 151 151 141 144 183
138 156 151 151 141 144 177 185
156 151 151 141 144 177 184 190
151 151 141 144 177 184 183 204
151 141 144 177 184 183 185 193
141 144 177 184 183 185 190 183
144 177 184 183 185 190 204 155
177 184 183 185 190 204 193 143
184 183 185 190 204 193 183 142
183 185 190 204 193 183 155 108
185 190 204 193 183 155 143 107
190 204 193 183 155 143 142 87
204 193 183 155 143 142 108 76
193 183 155 143 142 108 107 71
183 155 143 142 108 107 87 88
155 143 142 108 107 87 76 115
143 142 108 107 87 76 71 142
142 108 107 87 76 71 88 127
108 107 87 76 71 88 115 117
107 87 76 71 88 115 142 112
87 76 71 88 115 142 127 127
76 71 88 115 142 127 117 148
71 88 115 142 127 117 112 173
88 115 142 127 117 112 127 187
115 142 127 117 112 127 148 196
142 127 117 112 127 148 173 219
127 117 112 127 148 173 187 225
117 112 127 148 173 187 196 238
112 127 148 173 187 196 219 221
127 148 173 187 196 219 225 194
148 173 187 196 219 225 238 178
173 187 196 219 225 238 221 164
187 196 219 225 238 221 194 159
196 219 225 238 221 194 178 157
219 225 238 221 194 178 164 179
225 238 221 194 178 164 159 187
238 221 194 178 164 159 157 173
221 194 178 164 159 157 179 182
194 178 164 159 157 179 187 141
178 164 159 157 179 187 173 148
164 159 157 179 187 173 182 137
159 157 179 187 173 182 141 111
157 179 187 173 182 141 148 110
179 187 173 182 141 148 137 109
187 173 182 141 148 137 111 99
173 182 141 148 137 111 110 101
182 141 148 137 111 110 109 117
141 148 137 111 110 109 99 137
148 137 111 110 109 99 101 144
137 111 110 109 99 101 117 150
111 110 109 99 101 117 137 188
110 109 99 101 117 137 144 192
109 99 101 117 137 144 150 196
99 101 117 137 144 150 188 192
101 117 137 144 150 188 192 191
117 137 144 150 188 192 196 176
137 144 150 188 192 196 192 166
144 150 188 192 196 192 191 124
150 188 192 196 192 191 176 106
188 192 196 192 191 176 166 92
192 196 192 191 176 166 124 65
196 192 191 176 166 124 106 69
192 191 176 166 124 106 92 103
191 176 166 124 106 92 65 106
176 166 124 106 92 65 69 118
166 124 106 92 65 69 103 125
124 106 92 65 69 103 106 122
106 92 65 69 103 106 118 125
92 65 69 103 106 118 125 138
65 69 103 106 118 125 122 130
69 103 106 118 125 122 125 110
103 106 118 125 122 125 138 107
106 118 125 122 125 138 130 85
118 125 122 125 138 130 110 75
125 122 125 138 130 110 107 78
122 125 138 130 110 107 85 88
125 138 130 110 107 85 75 91
138 130 110 107 85 75 78 90
130 110 107 85 75 78 88 92
110 107 85 75 78 88 91 109
107 85 75 78 88 91 90 119
85 75 78 88 91 90 92 116
75 78 88 91 90 92 109 111
78 88 91 90 92 109 119 110
88 91 90 92 109 119 116 121
91 90 92 109 119 116 111 107
90 92 109 119 116 111 110 111
92 109 119 116 111 110 121 103
109 119 116 111 110 121 107 95
119 116 111 110 121 107 111 88
116 111 110 121 107 111 103 64
111 110 121 107 111 103 95 50
110 121 107 111 103 95 88 60
121 107 111 103 95 88 64 64
107 111 103 95 88 64 50 57
111 103 95 88 64 50 60 58
103 95 88 64 50 60 64 54
95 88 64 50 60 64 57 62
88 64 50 60 64 57 58 66
64 50 60 64 57 58 54 68
50 60 64 57 58 54 62 75
60 64 57 58 54 62 66 82
64 57 58 54 62 66 68 97
57 58 54 62 66 68 75 117
58 54 62 66 68 75 82 129
54 62 66 68 75 82 97 139
62 66 68 75 82 97 117 163
66 68 75 82 97 117 129 176
68 75 82 97 117 129 139 171
75 82 97 117 129 139 163 166
82 97 117 129 139 163 176 146
97 117 129 139 163 176 171 159
117 129 139 163 176 171 166 123
129 139 163 176 171 166 146 96
139 163 176 171 166 146 159 97
163 176 171 166 146 159 123 89
176 171 166 146 159 123 96 80
171 166 146 159 123 96 97 88
166 146 159 123 96 97 89 86
146 159 123 96 97 89 80 90
159 123 96 97 89 80 88 98
123 96 97 89 80 88 86 96
96 97 89 80 88 86 90 93
97 89 80 88 86 90 98 72
89 80 88 86 90 98 96 82
80 88 86 90 98 96 93 79
88 86 90 98 96 93 72 73
86 90 98 96 93 72 82 68
90 98 96 93 72 82 79 80
98 96 93 72 82 79 73 87
96 93 72 82 79 73 68 78
93 72 82 79 73 68 80 65
72 82 79 73 68 80 87 45
82 79 73 68 80 87 78 41
79 73 68 80 87 78 65 59
73 68 80 87 78 65 45 54
68 80 87 78 65 45 41 59
80 87 78 65 45 41 59 110
87 78 65 45 41 59 54 106
78 65 45 41 59 54 59 113
65 45 41 59 54 59 110 99
45 41 59 54 59 110 106 66
41 59 54 59 110 106 113 57
59 54 59 110 106 113 99 80
54 59 110 106 113 99 66 59
59 110 106 113 99 66 57 41
110 106 113 99 66 57 80 30
106 113 99 66 57 80 59 33
113 99 66 57 80 59 41 31
99 66 57 80 59 41 30 38
66 57 80 59 41 30 33 72
57 80 59 41 30 33 31 74
80 59 41 30 33 31 38 81
59 41 30 33 31 38 72 70
41 30 33 31 38 72 74 64
30 33 31 38 72 74 81 60
33 31 38 72 74 81 70 70
31 38 72 74 81 70 64 74
38 72 74 81 70 64 60 82
72 74 81 70 64 60 70 102
74 81 70 64 60 70 74 86
81 70 64 60 70 74 82 77
70 64 60 70 74 82 102 60
64 60 70 74 82 102 86 64
60 70 74 82 102 86 77 64
70 74 82 102 86 77 60 59
74 82 102 86 77 60 64 63
82 102 86 77 60 64 64 56
102 86 77 60 64 64 59 55
86 77 60 64 64 59 63 69
77 60 64 64 59 63 56 73
60 64 64 59 63 56 55 70
64 64 59 63 56 55 69 64
64 59 63 56 55 69 73 59
59 63 56 55 69 73 70 38
63 56 55 69 73 70 64 43
56 55 69 73 70 64 59 70
55 69 73 70 64 59 38 67
69 73 70 64 59 38 43 78
73 70 64 59 38 43 70 66
70 64 59 38 43 70 67 63
64 59 38 43 70 67 78 71
59 38 43 70 67 78 66 78
38 43 70 67 78 66 63 77
43 70 67 78 66 63 71 79
70 67 78 66 63 71 78 83
67 78 66 63 71 78 77 102
78 66 63 71 78 77 79 129
66 63 71 78 77 79 83 133
63 71 78 77 79 83 102 132
71 78 77 79 83 102 129 126
78 77 79 83 102 129 133 151
77 79 83 102 129 133 132 161
79 83 102 129 133 132 126 159
83 102 129 133 132 126 151 140
102 129 133 132 126 151 161 102
129 133 132 126 151 161 159 88
133 132 126 151 161 159 140 66
132 126 151 161 159 140 102 65
126 151 161 159 140 102 88 67
151 161 159 140 102 88 66 54
161 159 140 102 88 66 65 43
159 140 102 88 66 65 67 37
140 102 88 66 65 67 54 54
102 88 66 65 67 54 43 61
88 66 65 67 54 43 37 53
66 65 67 54 43 37 54 39
65 67 54 43 37 54 61 47
67 54 43 37 54 61 53 53
54 43 37 54 61 53 39 65
43 37 54 61 53 39 47 90
37 54 61 53 39 47 53 103
54 61 53 39 47 53 65 103
61 53 39 47 53 65 90 94
53 39 47 53 65 90 103 89
39 47 53 65 90 103 103 86
47 53 65 90 103 103 94 93
53 65 90 103 103 94 89 93
65 90 103 103 94 89 86 74
90 103 103 94 89 86 93 60
103 103 94 89 86 93 93 53
103 94 89 86 93 93 74 61
94 89 86 93 93 74 60 82
89 86 93 93 74 60 53 76
86 93 93 74 60 53 61 96
93 93 74 60 53 61 82 90
93 74 60 53 61 82 76 71
74 60 53 61 82 76 96 69
60 53 61 82 76 96 90 59
53 61 82 76 96 90 71 48
61 82 76 96 90 71 69 44
82 76 96 90 71 69 59 36
76 96 90 71 69 59 48 38
96 90 71 69 59 48 44 20
90 71 69 59 48 44 36 30
71 69 59 48 44 36 38 34
69 59 48 44 36 38 20 33
59 48 44 36 38 20 30 40
48 44 36 38 20 30 34 35
44 36 38 20 30 34 33 36
36 38 20 30 34 33 40 47
38 20 30 34 33 40 35 49
20 30 34 33 40 35 36 44
30 34 33 40 35 36 47 46
34 33 40 35 36 47 49 47
33 40 35 36 47 49 44 52
40 35 36 47 49 44 46 44
35 36 47 49 44 46 47 38
36 47 49 44 46 47 52 57
47 49 44 46 47 52 44 54
49 44 46 47 52 44 38 59
44 46 47 52 44 38 57 63
46 47 52 44 38 57 54 77
47 52 44 38 57 54 59 77
52 44 38 57 54 59 63 75
44 38 57 54 59 63 77 76
38 57 54 59 63 77 77 62
57 54 59 63 77 77 75 54
54 59 63 77 77 75 76 63
59 63 77 77 75 76 62 62
63 77 77 75 76 62 54 65
77 77 75 76 62 54 63 66
77 75 76 62 54 63 62 89
75 76 62 54 63 62 65 90
76 62 54 63 62 65 66 75
62 54 63 62 65 66 89 84
54 63 62 65 66 89 90 86
63 62 65 66 89 90 75 62
62 65 66 89 90 75 84 72
65 66 89 90 75 84 86 81
66 89 90 75 84 86 62 85
89 90 75 84 86 62 72 98
90 75 84 86 62 72 81 95
75 84 86 62 72 81 85 105
84 86 62 72 81 85 98 122
86 62 72 81 85 98 95 113
62 72 81 85 98 95 105 103
72 81 85 98 95 105 122 88
81 85 98 95 105 122 113 91
85 98 95 105 122 113 103 73
98 95 105 122 113 103 88 57
95 105 122 113 103 88 91 41
105 122 113 103 88 91 73 36
122 113 103 88 91 73 57 43
113 103 88 91 73 57 41 40
103 88 91 73 57 41 36 54
88 91 73 57 41 36 43 55
91 73 57 41 36 43 40 73
73 57 41 36 43 40 54 92
57 41 36 43 40 54 55 75
41 36 43 40 54 55 73 98
36 43 40 54 55 73 92 104
43 40 54 55 73 92 75 95
40 54 55 73 92 75 98 114
54 55 73 92 75 98 104 113
55 73 92 75 98 104 95 125
73 92 75 98 104 95 114 138
92 75 98 104 95 114 113 131
75 98 104 95 114 113 125 111
98 104 95 114 113 125 138 100
104 95 114 113 125 138 131 82
95 114 113 125 138 131 111 104
114 113 125 138 131 111 100 88
113 125 138 131 111 100 82 68
125 138 131 111 100 82 104 86
138 131 111 100 82 104 88 95
131 111 100 82 104 88 68 95
111 100 82 104 88 68 86 96
100 82 104 88 68 86 95 74
82 104 88 68 86 95 95 76
104 88 68 86 95 95 96 74
88 68 86 95 95 96 74 84
68 86 95 95 96 74 76 83
86 95 95 96 74 76 74 62
95 95 96 74 76 74 84 69
95 96 74 76 74 84 83 70
96 74 76 74 84 83 62 84
74 76 74 84 83 62 69 100
76 74 84 83 62 69 70 102
74 84 83 62 69 70 84 108
84 83 62 69 70 84 100 98
83 62 69 70 84 100 102 85
62 69 70 84 100 102 108 95
69 70 84 100 102 108 98 115
70 84 100 102 108 98 85 122
84 100 102 108 98 85 95 125
100 102 108 98 85 95 115 116
102 108 98 85 95 115 122 116
108 98 85 95 115 122 125 99
98 85 95 115 122 125 116 92
85 95 115 122 125 116 116 74
95 115 122 125 116 116 99 65
115 122 125 116 116 99 92 56
122 125 116 116 99 92 74 59
125 116 116 99 92 74 65 59
116 116 99 92 74 65 56 51
116 99 92 74 65 56 59 48
99 92 74 65 56 59 59 34
92 74 65 56 59 59 51 63
74 65 56 59 59 51 48 91
65 56 59 59 51 48 34 99
56 59 59 51 48 34 63 116
59 59 51 48 34 63 91 109
59 51 48 34 63 91 99 113
51 48 34 63 91 99 116 115
48 34 63 91 99 116 109 112
34 63 91 99 116 109 113 109
63 91 99 116 109 113 115 105
91 99 116 109 113 115 112 98
99 116 109 113 115 112 109 97
116 109 113 115 112 109 105 97
109 113 115 112 109 105 98 84
113 115 112 109 105 98 97 91
115 112 109 105 98 97 97 79
112 109 105 98 97 97 84 78
109 105 98 97 97 84 91 81
105 98 97 97 84 91 79 90
98 97 97 84 91 79 78 73
97 97 84 91 79 78 81 86
97 84 91 79 78 81 90 78
84 91 79 78 81 90 73 69
91 79 78 81 90 73 86 56
